000000010000000000000000000000000000

000000000100001101010000001000010001













000100000000001101010000010010000100
000010100000000111001000000000000011
000010011000100101001000000000000011
000010010000001101010000001000010001
000010111000001111000000000010100110
000010110000000101001000000000000101
000010111000001111000000000010100011
000011000000001101010000010010000100
000011001000001101010000001001010001
000000010000000101000010000000000000






000100001000001101010000001000010001
000000010000000101000010000101000010




















000110111000000101001000000000000101
000111000000001111000000000010000011
000111001000000101000000000101000111
000111010000001101100000010010100100
000111011000001101010000001000010001
000000010000000101000010000000000000


























001010111000001101100000010010100100
001011000000000000000000000000000000
000000010000000101000010000000000000
001011010000001101010000010010000100
000000010000000101000000000101000111
001011100000001101100000000010100100
001011101000000101000000000010000100
001011110000000101001000000001000000
001011111000000101000000000100000111
001100111000001101100000000011000100
001100001000001101100000010010100100
001100010000000101001000000000000111
000000010000001111000010000101000000

001100101000001101100000010010100100
001100110000000101001000000000000111
000000010000001111110010000101000000
000000010000000110000010000000000000
























010000001000001101100000010010100100
010000010000000101001000000000000111
000000010000000111000010000101000000

































010100101000001101010000001000000001
010100110000001101010000001000010001
000000010000000000000000000000000000
010101000000001101100100000000000001
010101001000001101010000001000010001
010101010000100101001000000000000010
010101011000000111001000000000000011
010101100000001111000000001000011000
000000010000000000000000000000000000
010101110000000101000000010010100101
010101111000000000000000000000000000
010110000000000101000000100010100000
010110001000001101010000000010000101
010110010000000000000000001000100000
010110011000000101000000000010000100
010110100000000101000000100000000000
000000010000000101000000000101000111

010110110000001101010000001000010001













010110111000000000000000001000010001
















































































100010110000001101010000001000010001
100010111000100101001000000000000011
100011000000000111001000000000000011
000010111000001111000000000010100101






































































































































































































































