5.411e-06 1000
5.411e-06 1000
5.411e-06 1000
3.547e-06 1000
3.547e-06 1000
3.547e-06 1000
3.864e-06 1000
3.864e-06 1000
3.864e-06 1000
4.52e-06 1000
4.52e-06 1000
4.52e-06 1000
3.694e-06 1000
3.694e-06 1000
3.694e-06 1000
8.58e-06 1000
8.58e-06 1000
8.58e-06 1000
3.521e-06 1000
3.521e-06 1000
3.521e-06 1000
6.329e-06 1000
6.329e-06 1000
6.329e-06 1000
3.576e-06 1000
3.576e-06 1000
3.576e-06 1000
0.00125989 500000
0.00123825 500000
0.00124152 500000
0.00132452 500000
0.00125752 500000
0.00128898 500000
0.00125348 500000
0.00121264 500000
0.00126865 500000
0.0011469 500000
0.000933801 500000
0.000921895 500000
0.00109306 500000
0.000888553 500000
0.00087877 500000
0.00112761 500000
0.000880115 500000
0.000878039 500000
0.00104575 500000
0.00103954 500000
0.00103633 500000
0.00102906 500000
0.00104378 500000
0.00103997 500000
0.00103449 500000
0.00103938 500000
0.00104163 500000
